| ra          | dec         | host_id      |
|-------------+-------------+--------------|
| 18 59 08.68 | +48 25 23.6 | HD 176693    |
| 19 34 43.00 | +46 51 09.9 | BD+46 2726   |
| 18 52 36.16 | +45 08 23.4 | HD 175289    |
| 16 26 27.75 | -25 27 24.7 | ROXs 12      |
| 23 59 36.07 | -35 01 52.9 | WASP-8       |
| 02 26 51.06 | +37 33 01.7 | HD 15082     |
| 21 00 06.19 | -05 05 40.1 | BD-05 5432   |
| 02 28 37.23 | -07 03 38.4 | BD-07 436    |
| 02 39 35.44 | -50 00 28.9 | WASP-99      |
| 06 30 47.11 | +58 09 45.5 | HD 45410     |
| 12 30 26.93 | +22 52 46.8 | HD 108874    |
| 12 32 07.19 | +74 29 22.4 | HD 109246    |
| 12 33 35.55 | -11 37 18.7 | HD 109271    |
| 12 48 51.75 | -68 25 30.5 | HD 111232    |
| 13 01 46.85 | +63 36 37.1 | HD 113337    |
| 13 12 43.79 | -02 15 54.3 | HD 114783    |
| 13 20 39.54 | +24 38 55.3 | HD 116029    |
| 13 29 21.11 | -35 34 15.6 | HD 117207    |
| 13 32 25.56 | -47 16 16.9 | HD 117618    |
| 13 34 02.54 | +53 43 42.7 | HD 118203    |
| 13 42 39.20 | +78 03 52.0 | HD 120084    |
| 13 57 17.24 | -56 02 24.2 | HD 121504    |
| 19 41 51.97 | +50 31 03.1 | HD 186427    |
| 20 58 25.93 | +10 50 21.4 | HD 199665    |
| 10 23 28.37 | -00 54 08.1 | HD 90043     |
| 02 36 57.74 | +24 38 53.0 | HD 16232     |
| 10 59 27.97 | +40 25 48.9 | HD 95128     |
| 02 32 09.42 | -01 02 05.6 | HD 15779     |
| 02 37 41.80 | -03 23 46.2 | HD 16400     |
| 00 19 17.05 | +14 03 17.3 | HD 1502      |
| 00 20 31.52 | +30 58 29.3 | HD 1605      |
| 00 20 52.34 | -19 55 52.4 | HD 1666      |
| 00 21 13.33 | -08 16 52.2 | HD 1690      |
| 00 33 10.39 | +54 53 41.9 | HD 2952      |
| 00 43 12.60 | -37 58 57.5 | HD 4113      |
| 00 44 41.20 | +20 26 56.1 | HD 4203      |
| 00 45 40.36 | +07 50 42.1 | HD 4313      |
| 00 49 13.95 | -24 08 12.0 | HD 4732      |
| 00 55 01.40 | +00 47 22.4 | HD 5319      |
| 00 58 14.22 | +33 57 03.2 | HD 5608      |
| 14 20 53.52 | -17 28 53.5 | HD 125612    |
| 14 26 48.28 | -05 10 40.0 | HD 126614    |
| 14 46 03.06 | -68 45 45.9 | HD 129445    |
| 14 47 32.72 | -00 16 53.3 | HD 130322    |
| 14 53 23.03 | +18 14 07.5 | HD 131496    |
| 14 58 21.34 | +44 02 35.6 | HD 132563    |
| 15 00 06.07 | -73 32 07.2 | HD 131664    |
| 15 19 06.18 | +41 43 59.5 | HD 136418    |
| 15 35 16.20 | +53 55 19.7 | HD 139357    |
| 15 52 17.55 | -18 26 09.8 | HD 141937    |
| 15 52 56.31 | +15 25 50.5 | HD 142245    |
| 15 57 40.79 | -60 12 00.9 | HD 142415    |
| 06 19 16.20 | -58 02 36.0 | HD 44627     |
| 11 04 08.52 | -76 27 17.8 | CT Cha       |
| 15 49 12.12 | -35 39 05.5 | GQ Lup       |
| 05 47 16.39 | -51 04 01.7 | bet Pic      |
| 01 00 33.19 | +20 17 32.9 | HD 5891      |
| 01 10 47.22 | -66 11 17.4 | HD 7199      |
| 01 14 29.32 | -05 02 50.6 | HD 7449      |
| 01 21 59.11 | +76 42 37.0 | HD 7924      |
| 01 23 37.24 | -41 16 11.3 | HD 8535      |
| 01 26 08.62 | +34 34 47.7 | HD 8673      |
| 01 33 20.19 | +29 15 54.5 | HD 9446      |
| 01 37 53.58 | -60 30 41.5 | HD 10180     |
| 01 41 53.14 | +02 42 15.8 | HD 10442     |
| 01 42 29.32 | -53 44 27.0 | HD 10647     |
| 01 44 55.82 | +20 04 59.3 | HD 10697     |
| 16 10 03.91 | +26 44 33.9 | HD 145457    |
| 16 13 09.89 | +13 14 21.8 | HD 145934    |
| 16 24 01.29 | -39 11 34.7 | HD 147513    |
| 16 28 28.15 | -13 23 58.7 | HD 148427    |
| 16 30 29.62 | +38 20 50.3 | HD 149026    |
| 16 32 51.05 | +02 05 05.4 | HD 149143    |
| 16 31 17.59 | +79 47 23.2 | HD 150706    |
| 16 53 43.58 | +11 58 25.5 | HD 152581    |
| 17 04 30.87 | -43 18 35.2 | HD 153950    |
| 17 11 15.72 | -56 40 50.9 | HD 154857    |
| 17 09 34.62 | +33 21 21.1 | HD 155358    |
| 23 40 24.51 | +44 20 02.2 | kap And      |
| 15 20 08.56 | +29 36 58.3 | omi CrB      |
| 02 04 34.29 | +25 24 51.5 | HD 12661     |
| 02 09 40.17 | +32 18 59.2 | HD 13189     |
| 02 18 14.56 | +65 35 39.7 | HD 13908     |
| 02 16 47.38 | +43 46 22.8 | HD 13931     |
| 02 17 10.44 | +23 46 04.2 | HD 14067     |
| 02 37 01.91 | +42 03 45.5 | HD 16175     |
| 02 46 22.12 | +49 39 11.1 | HD 17092     |
| 02 49 44.49 | +71 45 11.6 | HD 17156     |
| 03 00 10.66 | -20 48 09.4 | HD 18742     |
| 03 12 46.44 | -01 11 46.0 | HD 19994     |
| 17 12 23.20 | +63 21 07.5 | HD 156279    |
| 17 19 51.40 | -48 32 57.5 | HD 156411    |
| 17 17 40.49 | +29 13 38.0 | HD 156668    |
| 17 20 34.31 | -19 20 01.5 | HD 156846    |
| 17 25 45.43 | +27 18 12.0 | HD 158038    |
| 17 33 21.55 | +05 42 02.6 | HD 159243    |
| 17 53 40.52 | +56 23 31.3 | HD 163607    |
| 18 01 31.23 | +00 06 16.4 | HD 164509    |
| 18 13 59.68 | -42 34 31.3 | HD 166724    |
|             |             | 2M1207       |
| 07 37 09.24 | -13 54 24.0 | BD-13 2130   |
| 16 00 22.94 | +15 32 48.9 | BD+15 2940   |
| 01 43 40.88 | +21 00 19.0 | BD+20 274    |
| 07 23 43.59 | +20 24 58.7 | BD+20 1790   |
| 10 21 55.52 | +20 03 13.0 | BD+20 2475   |
| 02 42 50.46 | +49 35 13.1 | BD+48 738    |
| 03 02 33.74 | +49 43 48.0 | BD+49 828    |
| 03 39 23.55 | -60 04 41.5 | HD 23127     |
| 03 39 43.10 | -52 54 57.0 | HD 23079     |
| 03 48 00.37 | +40 31 50.3 | HD 23596     |
| 03 50 22.97 | +17 28 34.9 | HD 24040     |
| 03 55 49.44 | -65 11 12.0 | HD 25171     |
| 04 19 45.47 | -41 57 37.0 | HD 27631     |
| 04 24 50.70 | -50 37 19.9 | HD 28254     |
| 04 26 26.27 | -10 33 02.4 | HD 28185     |
| 04 31 25.46 | +04 34 31.1 | HD 28678     |
| 04 41 54.37 | -58 01 14.7 | HD 30177     |
| 04 50 17.86 | -24 22 07.8 | HD 30856     |
| 04 54 43.65 | +12 21 07.9 | HD 31253     |
| 18 10 31.64 | +54 17 11.6 | HD 167042    |
| 18 20 03.93 | -09 35 44.6 | HD 168443    |
| 18 27 49.48 | -29 49 00.7 | HD 169830    |
| 18 29 10.98 | +11 41 43.8 | HD 170469    |
| 18 32 15.49 | +06 56 44.7 | HD 171028    |
| 18 34 43.67 | -28 04 20.3 | HD 171238    |
| 18 43 36.11 | +36 33 23.8 | HD 173416    |
| 19 00 00.84 | -69 56 39.3 | HD 175167    |
| 19 05 20.77 | +25 55 14.4 | HD 177830    |
| 19 11 09.83 | -02 38 18.2 | HD 179079    |
| 19 15 33.23 | -24 10 45.7 | HD 179949    |
| 19 14 50.21 | +31 51 37.3 | HD 180314    |
| 19 19 17.71 | -23 33 29.4 | HD 180902    |
| 19 21 04.23 | -23 37 10.5 | HD 181342    |
| 19 25 09.57 | -66 28 07.7 | HD 181433    |
| 05 07 35.54 | -13 59 11.3 | HD 33142     |
| 05 08 01.01 | -26 47 50.9 | HD 33283     |
| 05 22 33.53 | +79 13 52.1 | HD 33564     |
| 05 17 40.98 | +07 21 12.1 | HD 34445     |
| 04 17 56.48 | -58 34 08.3 | HD 27605     |
| 05 37 02.02 | -73 41 57.6 | HD 38283     |
| 05 46 34.91 | +01 10 05.5 | HD 38529     |
| 05 47 59.18 | -08 19 39.7 | HD 38801     |
| 05 54 04.24 | -60 01 24.5 | HD 40307     |
| 06 04 29.94 | +44 15 37.6 | HD 40979     |
| 22 27 30.92 | -77 43 04.5 | HD 212301    |
| 22 31 00.37 | -49 25 59.8 | HD 213240    |
| 22 46 36.76 | -56 35 58.3 | HD 215497    |
| 22 53 37.93 | -48 35 53.8 | HD 216435    |
| 22 54 39.48 | -70 04 25.4 | HD 216437    |
| 22 53 03.97 | +44 28 39.9 | HD 216536    |
| 22 58 15.54 | -02 23 43.4 | HD 217107    |
| 23 03 08.17 | -00 25 47.0 | HD 217786    |
| 23 14 53.82 | +56 43 49.2 | HD 219415    |
| 23 18 46.73 | +18 38 44.6 | HD 219828    |
| 23 25 52.99 | -20 36 57.7 | HD 220689    |
| 23 26 27.44 | +08 38 37.8 | HD 220773    |
| 23 41 51.62 | -05 59 07.8 | HD 222582    |
| 13 16 46.52 | +09 25 27.0 | GJ 504       |
| 05 59 49.65 | -48 14 22.9 | HD 41004 A   |
| 05 59 49.65 | -48 14 22.9 | HD 41004 B   |
| 06 13 35.66 | -29 53 50.2 | HD 43197     |
| 06 19 34.68 | +41 05 32.3 | HD 43691     |
| 06 25 38.48 | -31 28 51.4 | HD 45364     |
| 06 28 45.71 | +38 57 46.7 | HD 45350     |
| 06 29 13.19 | +10 56 02.0 | HD 45652     |
| 06 40 00.70 | -48 33 43.0 | HD 48265     |
| 06 51 30.51 | +40 52 03.9 | HD 49674     |
| 06 52 02.02 | -33 54 56.0 | HD 50499     |
| 06 54 42.83 | +24 14 44.0 | HD 50554     |
| 07 00 18.04 | -05 22 01.8 | HD 52265     |
| 07 34 03.18 | -22 17 45.8 | HD 60532     |
| 19 28 24.57 | +08 21 29.0 | HD 183263    |
| 19 37 11.74 | +28 29 59.5 | HD 185269    |
| 19 49 33.97 | -37 46 50.0 | HD 187085    |
| 19 46 58.11 | +34 25 10.3 | HD 187123    |
| 19 52 04.54 | +28 06 01.4 | HD 188015    |
| 20 07 19.67 | -35 32 19.1 | HD 190647    |
| 20 13 59.85 | -00 52 00.8 | HD 192263    |
| 20 16 06.01 | +04 34 50.9 | HD 192699    |
| 20 37 51.71 | -60 38 04.1 | HD 196050    |
| 07 39 21.85 | -78 16 44.3 | HD 63454     |
| 07 53 41.32 | -63 38 50.4 | HD 65216     |
| 08 03 28.67 | -01 09 45.7 | HD 66428     |
| 08 07 39.75 | +31 33 04.7 | HD 67087     |
| 08 18 22.17 | +61 27 38.6 | HD 68988     |
| 08 21 28.14 | -39 42 19.5 | HD 70642     |
| 08 34 03.19 | -01 34 05.6 | HD 72659     |
| 08 40 54.10 | +13 08 10.3 | HD 73856     |
| 08 36 17.78 | -34 27 35.9 | HD 73267     |
| 08 39 15.78 | +12 57 37.1 | HD 73534     |
| 08 42 25.12 | +04 34 41.1 | HD 74156     |
| 23 59 53.83 | -22 25 41.2 | HD 224693    |
| 23 10 29.23 | +57 01 46.0 | HD 240210    |
| 23 15 42.22 | +58 02 35.7 | HD 240237    |
| 05 23 21.56 | -02 16 39.4 | HD 290327    |
| 15 49 37.69 | -49 57 48.7 | HD 330075    |
| 03 11 14.23 | +21 05 50.5 | HIP 14810    |
| 12 57 31.96 | -65 38 47.3 | HIP 63242    |
| 07 59 05.87 | +15 23 29.5 | GJ 3470      |
| 16 20 36.36 | +41 02 53.1 | HAT-P-2      |
| 08 47 40.39 | -41 44 12.5 | HD 75289     |
| 08 52 23.89 | +13 13 59.7 | HD 75784     |
| 08 53 50.78 | +33 03 24.7 | HD 75898     |
| 08 53 55.52 | -66 48 03.6 | HD 76700     |
| 09 15 09.29 | +23 22 31.0 | HD 79498     |
| 09 23 47.09 | +20 21 52.0 | HD 81040     |
| 09 28 39.99 | +45 36 05.3 | HD 81688     |
| 09 34 50.74 | -12 07 46.4 | HD 82943     |
| 09 35 45.18 | +34 46 50.7 | HD 82886     |
| 09 37 11.83 | -43 16 19.9 | HD 83443     |
| 09 50 02.50 | -49 47 25.0 | HD 85390     |
| 09 56 05.92 | -03 48 30.3 | HD 86081     |
| 09 56 29.84 | -24 05 57.8 | HD 86226     |
| 09 56 57.84 | -15 53 42.4 | HD 86264     |
| 10 08 43.14 | +34 14 32.1 | HD 87883     |
| 10 10 07.68 | +18 11 12.7 | HD 88133     |
| 20 39 51.88 | +11 14 58.7 | HD 196885    |
| 21 06 39.84 | +03 48 11.2 | HD 200964    |
| 21 18 58.22 | +26 13 50.0 | HD 203030    |
| 21 43 24.90 | -07 24 29.6 | HD 206610    |
| 21 57 19.85 | -37 45 49.0 | HD 208487    |
| 22 03 10.77 | +18 53 03.5 | HD 209458    |
| 22 11 50.22 | +16 02 20.2 | HD 210702    |
| 22 27 03.07 | -17 15 49.2 | HD 212771    |
| 21 38 08.73 | +30 29 19.4 | HAT-P-17     |
| 10 22 10.56 | +41 13 46.3 | HD 89744     |
| 10 23 55.27 | -29 38 43.9 | HD 90156     |
| 10 42 48.53 | -02 11 01.5 | HD 92788     |
| 10 44 20.91 | -33 34 37.3 | HD 93083     |
| 10 18 21.22 | +12 37 16.0 | HD 89307     |
| 10 57 03.02 | -68 40 02.5 | HD 95086     |
| 10 58 47.74 | +01 43 45.1 | HD 95089     |
| 10 59 35.09 | +43 48 51.9 | HD 95127     |
| 11 04 44.45 | -02 30 47.6 | HD 96063     |
| 11 05 15.07 | -10 17 28.7 | HD 96167     |
| 11 05 45.95 | +44 18 05.6 | HD 96127     |
| 11 14 33.16 | +25 42 37.4 | HD 97658     |
| 11 17 47.55 | -23 58 31.5 | HD 98219     |
| 11 20 51.77 | -23 13 02.4 | HD 98649     |
| 11 28 30.21 | +43 57 59.7 | HD 99706     |
| 11 35 03.75 | +20 26 29.6 | HD 100655    |
| 11 35 51.53 | -04 45 20.8 | HD 100777    |
| 13 53 52.06 | -35 18 51.7 | HIP 67851    |
| 14 29 18.56 | -46 27 49.7 | HIP 70849    |
| 16 01 55.46 | -21 58 49.4 | HIP 78530    |
| 16 12 41.78 | -18 52 31.8 | HIP 79431    |
| 19 45 41.27 | -00 41 47.9 | HIP 97233    |
| 21 26 22.87 | -37 49 45.9 | HIP 105854   |
| 23 07 28.65 | +21 08 03.7 | HR 8799      |
| 06 10 39.35 | +30 57 25.7 | KELT-2 A     |
| 00 09 52.82 | -50 16 04.2 | HD 564       |
| 11 43 30.11 | -58 00 24.8 | HD 101930    |
| 11 44 50.46 | -58 42 13.4 | HD 102117    |
| 11 45 42.29 | +02 49 17.0 | HD 102195    |
| 11 46 23.53 | +14 07 26.2 | HD 102272    |
| 11 46 46.65 | +03 28 27.5 | HD 102329    |
| 11 51 22.51 | +57 38 26.6 | HD 102956    |
| 11 52 52.98 | -50 17 34.2 | HD 103197    |
| 11 56 41.18 | -02 46 44.4 | HD 103720    |
| 11 56 55.59 | -12 06 28.5 | HD 103774    |
| 12 05 15.12 | +76 54 20.6 | HD 104985    |
| 12 13 29.50 | +10 02 29.4 | HD 106252    |
| 12 13 37.29 | -09 30 48.2 | HD 106270    |
| 12 17 53.19 | -55 58 31.9 | HD 106906    |
| 12 19 13.49 | -03 19 11.2 | HD 107148    |
| 12 25 46.27 | -64 01 19.5 | HD 108147    |
| 12 27 31.39 | -71 25 22.7 | HD 108341    |
| 12 30 19.89 | +21 56 53.3 | HD 108863    |
|             |             | Sand 364     |
| 19 09 26.84 | +38 42 50.5 | Kepler-21    |BD+46 2726
